Route #1: 158 103 209 173 161 11 26 130 105 220 236 178 231 240
Route #2: 263 136 153 249 262 265 214 14 197 175 193 198 94 21 189 97
Route #3: 133 218 226 187 245 201 65 5 278 169 227 168 217 100 174 52 176 80 151
Route #4: 146 87 208 62 47 184 1 140 191 171 7 237 106 121
Route #5: 90 25 76 102 78 115 143 244 3 181 195 86 113 252 29 258
Route #6: 159 60 108 223 160 182 66 166 77 9 70 275 260 157 268 242 210 51 156
Route #7: 96 273 57 28 188 95 13 238 222 251 139 177 179 279 59 58 33 72 50 40 73 64 219 221 92
Route #8: 163 32 98 162 109 152 137 35 261 141 75 127 183 37 274 27 272 150 23 93 233 239 43 132
Route #9: 180 241 38 114 134 270 71 49 118 225 55 116 277 256 67 22 248 63 138 111 266 148
Route #10: 154 229 123 212 81 46 211 91 110 172 259 85 107 192 207 124 204 16 185 112 68
Route #11: 61 89 165 44 131 56 41 117 39 247 6 167 36 120 34 186 99 125 255 122 264
Route #12: 253 246 190 82 142 88 24 269 129 18 271 42 205 101 74 267 126 216 276 194
Route #13: 250 135 30 164 257 234 79 104 2 48 145 224 119 235 45 170 203 155
Route #14: 215 213 12 84 149 8 206 232 254
Route #15: 128 83 243 230 53 196 4 17
Route #16: 69 20 10 228 199 202 200
Route #17: 147 31 15 144 54 19
