Route #1: 141 396 342 122 208 226 372 250 131 4 187 207 254 277 377 383 257 294 104 362 343 93 239 30
Route #2: 24 26 283 278 330 7 393 212 357 315 213 139
Route #3: 88 232 255 340 80 75 286 47 206 300 370 355 153 148 158 385 19 314 258 387 317 200 28 16 109 204 333 179 160 248 313 69 130
Route #4: 65 165 116 274 137 138 62 320 199 379 323 97 175 358 56 1 103 190 43 295 360 398 145 229 327 301 217 143
Route #5: 177 338 319 61 223 86 305 390 276 55 180 36 296 63 353 366 289 378 196 266 310 298 181 273 253 259 392 270 45
Route #6: 60 211 202 347 262 324 369 397 136 234 299 166
Route #7: 68 140 108 225 49 183 280 322 297 284 349 188 237 267 102 215 304 316 33 334 178
Route #8: 149 247 279 329 11 241 288 151 85 363 337 240 351 37 216
Route #9: 101 110 163 243 384 94 14 114 312 375 34 214 176 83
Route #10: 118 344 376 91 197 311 309 71 382 172 3 157
Route #11: 117 106 84 339 57 242 119 245 374 112 189 238
Route #12: 359 42 12 326 193 290 249 365 332 361 264
Route #13: 25 105 142 52 201 224 364 96 35 162 260
Route #14: 269 399 54 170 72 134 352 2 10 51 205 120
Route #15: 31 111 218 66 132 293 302 345 252 335 236 156
Route #16: 82 124 303 246 168 90 107 282 167 400
Route #17: 95 354 9 285 40 126 263 388 133
Route #18: 228 17 391 125 173 328 287 182 44 233
Route #19: 98 256 325 46 99 386 346 123 195 150
Route #20: 191 381 367 32 23 164 389 192 251 321 198
Route #21: 271 186 185 38 244 350 5 87 281 174
Route #22: 152 29 171 161 155 58 184 159 135 78
Route #23: 73 27 373 100 272 336 6 67 394 348
Route #24: 8 53 48 395 265 230 129 341 318 64
Route #25: 227 291 231 92 368 219 261 77 70
Route #26: 331 127 268 113 380 115 220 89 15 222
Route #27: 81 21 306 18 210 371 59 275 41 20 308
Route #28: 146 169 235 194 221 128 154 203 76 356 307 79 74
Route #29: 13 50 144 22 147 121 39 292 209
