Route #1: 159 104 210 174 162 12 27 131 106 221 237 179 232 241
Route #2: 264 137 154 250 263 266 215 15 198 176 194 199 95 22 190 98
Route #3: 134 219 227 188 246 202 66 6 279 170 228 169 218 101 175 53 177 81 152
Route #4: 147 88 209 63 48 185 2 141 192 172 8 238 107 122
Route #5: 91 26 77 103 79 116 144 245 4 182 196 87 114 253 30 259
Route #6: 160 61 109 224 161 183 67 167 78 10 71 276 261 158 269 243 211 52 157
Route #7: 97 274 58 29 189 96 14 239 223 252 140 178 180 280 60 59 34 73 51 41 74 65 220 222 93
Route #8: 164 33 99 163 110 153 138 36 262 142 76 128 184 38 275 28 273 151 24 94 234 240 44 133
Route #9: 181 242 39 115 135 271 72 50 119 226 56 117 278 257 68 23 249 64 139 112 267 149
Route #10: 155 230 124 213 82 47 212 92 111 173 260 86 108 193 208 125 205 17 186 113 69
Route #11: 62 90 166 45 132 57 42 118 40 248 7 168 37 121 35 187 100 126 256 123 265
Route #12: 254 247 191 83 143 89 25 270 130 19 272 43 206 102 75 268 127 217 277 195
Route #13: 251 136 31 165 258 235 80 105 3 49 146 225 120 236 46 171 204 156
Route #14: 216 214 13 85 150 9 207 233 255
Route #15: 129 84 244 231 54 197 5 18
Route #16: 70 21 11 229 200 203 201
Route #17: 148 32 16 145 55 20
Cost 50976
