Route #1: 142 397 343 123 209 227 373 251 132 5 188 208 255 278 378 384 258 295 105 363 344 94 240 31
Route #2: 25 27 284 279 331 8 394 213 358 316 214 140
Route #3: 89 233 256 341 81 76 287 48 207 301 371 356 154 149 159 386 20 315 259 388 318 201 29 17 110 205 334 180 161 249 314 70 131
Route #4: 66 166 117 275 138 139 63 321 200 380 324 98 176 359 57 2 104 191 44 296 361 399 146 230 328 302 218 144
Route #5: 178 339 320 62 224 87 306 391 277 56 181 37 297 64 354 367 290 379 197 267 311 299 182 274 254 260 393 271 46
Route #6: 61 212 203 348 263 325 370 398 137 235 300 167
Route #7: 69 141 109 226 50 184 281 323 298 285 350 189 238 268 103 216 305 317 34 335 179
Route #8: 150 248 280 330 12 242 289 152 86 364 338 241 352 38 217
Route #9: 102 111 164 244 385 95 15 115 313 376 35 215 177 84
Route #10: 119 345 377 92 198 312 310 72 383 173 4 158
Route #11: 118 107 85 340 58 243 120 246 375 113 190 239
Route #12: 360 43 13 327 194 291 250 366 333 362 265
Route #13: 26 106 143 53 202 225 365 97 36 163 261
Route #14: 270 400 55 171 73 135 353 3 11 52 206 121
Route #15: 32 112 219 67 133 294 303 346 253 336 237 157
Route #16: 83 125 304 247 169 91 108 283 168 401
Route #17: 96 355 10 286 41 127 264 389 134
Route #18: 229 18 392 126 174 329 288 183 45 234
Route #19: 99 257 326 47 100 387 347 124 196 151
Route #20: 192 382 368 33 24 165 390 193 252 322 199
Route #21: 272 187 186 39 245 351 6 88 282 175
Route #22: 153 30 172 162 156 59 185 160 136 79
Route #23: 74 28 374 101 273 337 7 68 395 349
Route #24: 9 54 49 396 266 231 130 342 319 65
Route #25: 228 292 232 93 369 220 262 78 71
Route #26: 332 128 269 114 381 116 221 90 16 223
Route #27: 82 22 307 19 211 372 60 276 42 21 309
Route #28: 147 170 236 195 222 129 155 204 77 357 308 80 75
Route #29: 14 51 145 23 148 122 40 293 210
Cost 99218
